5 0.00466 3372 0.004262 3628 0.000751 3628 0.998995 4544
5 0.019512 3464 0.010521 3592 0.002377 3592 1.83075 4536
5 0.003949 3436 0.00315 3564 0.000848 3564 2.37124 4844
5 0.009421 3436 0.003568 3564 0.000936 3564 0.568095 4076
5 0.006308 3436 0.00331 3564 0.000936 3564 0.638467 4076
10 0.005755 3436 0.002534 3564 0.000978 3564 1.05551 3948
10 0.010884 3436 0.003616 3564 0.000916 3564 0.931348 4076
10 0.00893 3436 0.00504 3564 0.0011 3564 0.733122 3948
10 0.019458 3424 0.004775 3680 0.001274 3680 1.95007 4448
10 0.010928 3452 0.002415 3580 0.000823 3580 1.2978 4220
15 0.024294 3464 0.006245 3592 0.001323 3592 1.73869 4232
15 0.014669 3452 0.003903 3580 0.001132 3580 0.621375 3964
15 0.014492 3436 0.007352 3564 0.002173 3564 0.734053 3948
15 0.559284 3436 0.004951 3564 0.00112 3564 4.00716 4764
15 0.010797 3436 0.004608 3564 0.001208 3564 1.40595 4076
20 0.023194 3436 0.005646 3564 0.001862 3564 1.41925 4076
20 0.061754 3436 0.009398 3564 0.002375 3564 1.22973 3948
20 0.045425 3436 0.00462 3564 0.001676 3564 0.59889 3948
20 0.073078 3464 0.008731 3592 0.001751 3592 0.973789 3976
20 0.032268 3464 0.00519 3592 0.001589 3592 1.67935 4232
30 0 0 0.025559 3564 0.00427 3564 20.7994 5408
30 0 0 0.009244 3564 0.002365 3564 5.14527 4364
30 0 0 0.008853 3436 0.002609 3436 11.5089 5156
30 0 0 0.007951 3464 0.002019 3464 2.37443 3976
30 0 0 0.013207 3592 0.002778 3592 5.11765 4360
50 0 0 0.01497 3572 0.003765 3572 2.75875 3828
50 0 0 0.045538 3564 0.007576 3564 22.2704 4624
50 0 0 0.047838 3564 0.008677 3564 1.0256 3564
50 0 0 0.013289 3552 0.003339 3552 23.376 4960
50 0 0 0.014885 3564 0.003391 3564 21.5067 4972
80 0 0 0.017362 3592 0.005519 3592 6.59936 3976
80 0 0 0.019149 3564 0.005014 3564 17.6171 4460
80 0 0 0.016932 3584 0.004867 3584 40.5938 4996
80 0 0 0.025601 3564 0.006293 3564 1.11567 3692
80 0 0 0.027087 3564 0.006888 3564 6.56483 3948
120 0 0 0.057865 3564 0.010707 3564 3.4314 3820
120 0 0 0.101683 3552 0.008277 3552 23.1264 4192
120 0 0 0.03555 3564 0.007603 3564 73.8689 5412
120 0 0 0.049662 3568 0.009142 3568 63.852 4976
120 0 0 0.063331 3564 0.009225 3564 54.9834 4716
200 0 0 0.086727 3576 0.011754 3576 110.379 5252
200 0 0 0.070908 3564 0.01462 3564 70.1071 4972
200 0 0 0.073224 3564 0.011586 3564 79.3908 5152
200 0 0 0.062516 3592 0.011678 3592 63.2758 4896
200 0 0 0.072419 3592 0.011254 3592 36.9941 4488
